     1    852
     2    962
     3    747
     4    545
     5   1069
     6    746
     7    469
     8   1199
     9    962
    10    850
    11    645
    12    647
    13   1196
    14    389
    15    390
    16   1068
    17    847
    18   1432
    19   1429
    20    745
    21    644
    22   1301
    23   1298
    24    387
    25   1062
    26   1063
    27   1296
    28   1591
    29    468
    30    542
    31   1592
    32    744
    33    382
    34    743
    35   1589
    36   1688
    37   1689
    38    844
    39    311
    40   1430
    41   1758
    42   1061
    43    310
    44   1295
    45   1758
    46   1195
    47   1062
    48   1587
    49    959
    50   1760
    51    383
    52    639
    53   1426
    54   1849
    55   1922
    56   1293
    57    384
    58    641
    59    958
    60   1851
    61   1586
    62    741
    63   1191
    64   1756
    65   1423
    66    842
    67   1755
    68   1059
    69   1926
    70    308
    71   1922
    72    538
    73   1850
    74   1843
    75   1424
    76    247
    77    380
    78   1685
    79   1187
    80    537
    81   2066
    82   1923
    83   1920
    84   1584
    85    956
    86    953
    87   1189
    88    465
    89   2065
    90    739
    91   2061
    92   1847
    93    376
    94   1583
    95    246
    96   1680
    97   1683
    98   2163
    99   1842
   100    637
   101   2062
   102   2162
   103    535
   104   2059
   105   1752
   106    737
   107    533
   108   1188
   109   2160
   110   1289
   111    245
   112    377
   113   1993
   114   2233
   115    954
   116   1055
   117   1917
   118    534
   119   2230
   120   2064
   121   2321
   122    242
   123   1679
   124   2157
   125   2322
   126   2319
   127   2227
   128   2315
   129    738
   130   1581
   131   4206
   132   1578
   133   1991
   134   3682
   135   2393
   136   4380
   137   3975
   138   3802
   139   3680
   140   4204
   141   1286
   142   3977
   143   4459
   144   3974
   145   3982
   146   4288
   147   4535
   148   3979
   149   1753
   150   3975
   151    243
   152   2155
   153   4379
   154   3617
   155   1421
   156   2479
   157   2394
   158    304
   159   3678
   160   4590
   161   2480
   162   3619
   163   1186
   164   3540
   165   2224
   166   3675
   167   3485
   168   4199
   169    951
   170    462
   171   4287
   172   2153
   173   4457
   174   4202
   175   1056
   176   4665
   177   4455
   178    532
   179    633
   180   4662
   181    634
   182   1918
   183   4588
   184   2547
   185   3800
   186   4106
   187   1914
   188   3397
   189   2227
   190   3483
   191   2549
   192    305
   193   3611
   194   2313
   195    737
   196   2641
   197   3471
   198    460
   199   3399
   200   2476
   201   2546
   202   3539
   203   3404
   204   3793
   205    240
   206   3473
   207   3608
   208   1675
   209   3340
   210   3338
   211   4782
   212   2714
   213   4373
   214   1282
   215   4197
   216   2311
   217   2151
   218   1285
   219   1576
   220   3615
   221   2712
   222   3474
   223    736
   224   2391
   225    836
   226   4372
   227   2708
   228   2708
   229   1673
   230   3340
   231   2643
   232   3268
   233   4585
   234   3267
   235   2225
   236   4584
   237    239
   238   2639
   239   3197
   240   2786
   241   3395
   242   4715
   243   3476
   244   3333
   245   2637
   246   3606
   247   3194
   248   1053
   249   1577
   250   3674
   251   3130
   252    631
   253   3270
   254   3537
   255   1182
   256   2857
   257   2924
   258   3480
   259    375
   260   3132
   261   2784
   262   2999
   263   3798
   264   2995
   265   2998
   266   4531
   267   3134
   268   3129
   269    950
   270   2474
   271   3400
   272    240
   273   3668
   274   3195
   275   3972
   276   1912
   277   2926
   278   4195
   279   2544
   280   2543
   281   3479
   282   3071
   283   4104
   284   2781
   285   2923
   286   3264
   287   1913
   288   3393
   289   4451
   290   3334
   291   3343
   292   4718
   293   4659
   294   1674
   295    630
   296   2387
   297   3470
   298   2716
   299   1183
   300   3068
   301   3189
   302   2389
   303   2542
   304   3128
   305   2853
   306   3258
   307   2705
   308   1283
   309   3186
   310   3794
   311   1839
   312    530
   313   1990
   314   2851
   315   3263
   316   2222
   317   3673
   318   3533
   319   2928
   320   3666
   321   4819
   322   3070
   323    301
   324   1049
   325   3261
   326   2383
   327   1574
   328   3187
   329   4284
   330    459
   331   1573
   332   2988
   333   1417
   334   3610
   335   1987
   336   4532
   337   2634
   338   2540
   339   3392
   340   4370
   341   2850
   342   3126
   343   1051
   344   3122
   345   2855
   346   2149
   347   2987
   348    457
   349   1748
   350   4099
   351   2472
   352    731
   353   3124
   354   3064
   355   2309
   356   2848
   357   4193
   358   3260
   359    949
   360   4098
   361   2384
   362    833
   363   3468
   364   4581
   365    732
   366   1280
   367   3062
   368   4369
   369    236
   370   2701
   371   1671
   372   1910
   373   3670
   374   2704
   375   2845
   376   2983
   377   2986
   378   3331
   379    238
   380   4778
   381   2984
   382   2470
   383   3532
   384   3185
   385   2218
   386   2537
   387   2982
   388   2844
   389   3664
   390   1180
   391   3969
   392    456
   393   2843
   394   3121
   395   2632
   396   3390
   397   4876
   398   1744
   399   3786
   400   4446
   401   1570
   402   3665
   403   2779
   404   1984
   405    298
   406   4712
   407   4817
   408   4281
   409   1745
   410   4780
   411   3531
   412   2468
   413   2919
   414   1985
   415   4450
   416   4096
   417   2697
   418   2698
   419   2215
   420   2219
   421    234
   422   2631
   423   4279
   424    528
   425   1276
   426   2629
   427   3329
   428   1178
   429   4364
   430    627
   431    946
   432   3783
   433   3327
   434   1983
   435    235
   436   3465
   437   2466
   438   2841
   439   1046
   440   1568
   441   2536
   442   4713
   443   3183
   444   3463
   445   2981
   446   2381
   447    625
   448   4656
   449   3061
   450   1414
   451   2696
   452   2147
   453   2840
   454   1044
   455   2625
   456   4189
   457   2380
   458   1667
   459   2918
   460   4365
   461   3603
   462   1835
   463   1416
   464   4094
   465    296
   466   2463
   467   2537
   468   4816
   469   2535
   470   1173
   471   2214
   472    728
   473   4361
   474   2461
   475    830
   476   2778
   477   4874
   478   3118
   479   2051
   480   1742
   481   1908
   482    944
   483   4773
   484   4528
   485   2144
   486   1174
   487   4935
   488   2622
   489   3256
   490   2306
   491   1668
   492   1981
   493   3602
   494   2141
   495   3966
   496   4090
   497   1270
   498   3255
   499   3462
   500   1741
   501   2837
   502   2053
   503   3781
   504   1834
   505    373
   506   2377
   507   1563
   508   1272
   509    726
   510   1833
   511    172
   512   4276
   513   1412
   514   4445
   515   3967
   516    229
   517    231
   518    728
   519   1666
   520   2533
   521   2048
   522   4188
   523   1410
   524   1041
   525   3529
   526   4655
   527    527
   528   4775
   529   3116
   530   2774
   531   1268
   532   4815
   533   1040
   534    295
   535   1039
   536   4869
   537    942
   538   2302
   539   1738
   540   2534
   541   1564
   542   4274
   543   2048
   544   1267
   545   2458
   546   3059
   547   2621
   548   1171
   549   1561
   550    826
   551   4359
   552   2301
   553   3325
   554   3460
   555    624
   556   2213
   557   1271
   558   3661
   559    451
   560   1904
   561   1170
   562   1980
   563   4872
   564   4185
   565   4771
   566    940
   567   1269
   568   4525
   569    827
   570   4443
   571   1662
   572   2835
   573   1736
   574   1559
   575   3253
   576   3116
   577   4360
   578   2836
   579   4654
   580   2043
   581   4087
   582   2140
   583    371
   584   3600
   585    938
   586   1831
   587   3386
   588    230
   589    171
   590   4867
   591   3660
   592   4653
   593   1037
   594    120
   595    620
   596   1407
   597   2771
   598   4184
   599   2456
   600   2617
   601   4089
   602   1404
   603   4810
   604   3182
   605   1830
   606   4813
   607    450
   608   4181
   609   2300
   610   3323
   611   4180
   612   3961
   613   4356
   614   4358
   615   1167
   616   2772
   617   2615
   618   2139
   619    526
   620    821
   621   2299
   622    227
   623   3527
   624    118
   625   3058
   626   4272
   627   4523
   628   4769
   629   1268
   630   1658
   631    169
   632    824
   633   1829
   634   1168
   635    819
   636   4577
   637   2044
   638   1037
   639   4083
   640   2457
   641   2208
   642   1659
   643   1660
   644    819
   645   1978
   646    935
   647    368
   648   4354
   649   4085
   650   3180
   651    369
   652   4270
   653   3598
   654   1553
   655   2911
   656   1400
   657   2137
   658   4928
   659    523
   660   2614
   661   2913
   662   3778
   663    618
   664   3457
   665   2375
   666    934
   667    449
   668   1396
   669   1398
   670   4710
   671   1902
   672   3458
   673   1828
   674   1976
   675    117
   676   3320
   677   1397
   678   4924
   679   2769
   680    521
   681   2455
   682   4268
   683   2767
   684   2298
   685    114
   686   3321
   687   3178
   688    167
   689    817
   690   3057
   691   1656
   692   4866
   693   4078
   694   4520
   695   1035
   696   4267
   697   2977
   698   2528
   699   4177
   700   4649
   701   3595
   702   4809
   703   2616
   704   4076
   705    619
   706   3776
   707   4650
   708    721
   709    817
   710   2206
   711   1264
   712   3593
   713   4865
   714    447
   715   2040
   716   2207
   717    367
   718    114
   719   4521
   720   1653
   721   3177
   722   1262
   723   1159
   724    166
   725   4353
   726   4174
   727   4709
   728   2909
   729   1655
   730   1397
   731   3456
   732   2975
   733   3960
   734   1827
   735   3110
   736   4072
   737   1395
   738    519
   739   2611
   740   1547
   741   1974
   742   4176
   743   1825
   744   3774
   745   1162
   746   3383
   747    290
   748   3318
   749   4766
   750   2372
   751    113
   752   1401
   753   4920
   754    813
   755   1397
   756    814
   757   4648
   758   3957
   759   2530
   760   4351
   761    288
   762    933
   763   1033
   764    520
   765   1543
   766    112
   767    814
   768   4575
   769   4923
   770   2766
   771   1651
   772    167
   773   4075
   774   3173
   775   3594
   776   2294
   777   2292
   778   3109
   779   4860
   780    111
   781   2039
   782   1393
   783   1535
   784    717
   785   1263
   786   2973
   787    719
   788   1650
   789   4646
   790   4264
   791    163
   792   1031
   793   1898
   794   2764
   795   4073
   796   2135
   797   1823
   798   4513
   799   1535
   800   4764
   801   2610
   802   2908
   803    110
   804    932
   805    365
   806   3455
   807   3948
   808   4173
   809   2527
   810   3520
   811   3108
   812   4704
   813   4705
   814   2289
   815   1732
   816   3317
   817   2291
   818   1822
   819   1160
   820   2907
   821   4067
   822   2132
   823   3773
   824   3949
   825   2037
   826   1154
   827   2450
   828   4514
   829   2526
   830   4862
   831   3953
   832   1028
   833    364
   834   3944
   835   1972
   836    517
   837   4919
   838   1646
   839    287
   840   1537
   841    811
   842   2686
   843   3950
   844   1530
   845   4440
   846    613
   847   1531
   848   4572
   849   3054
   850   2689
   851   2204
   852   3248
   853    716
   854    930
   855    161
   856   2905
   857   4262
   858   1820
   859   2832
   860    162
   861   1389
   862   2131
   863   2288
   864    809
   865   2606
   866   2449
   867   4859
   868   1155
   869   4969
   870   1896
   871   4069
   872   3171
   873   1259
   874   3523
   875    611
   876   3657
   877    108
   878   2761
   879   1390
   880   4573
   881   3519
   882   4348
   883   4260
   884   4511
   885   2523
   886   1525
   887   2370
   888   3941
   889   4701
   890   1645
   891    107
   892   1819
   893   4762
   894   3945
   895   1155
   896   2285
   897   3055
   898    927
   899   4918
   900   4804
   901    442
   902    516
   903   2605
   904   3771
   905   2284
   906    616
   907    285
   908   3315
   909   2035
   910   3939
   911   2128
   912    441
   913   1024
   914    928
   915   4509
   916   4644
   917   2829
   918   3933
   919   4510
   920   4172
   921   1387
   922   4914
   923    284
   924   3518
   925   1731
   926   3938
   927   2830
   928   3380
   929   4436
   930   3937
   931   4065
   932   1151
   933   3104
   934   1645
   935   2968
   936   1643
   937   1257
   938   3656
   939   2684
   940   3588
   941   1970
   942   1968
   943   4700
   944   1384
   945    806
   946   2448
   947   1522
   948   4437
   949   4257
   950   4345
   951   2283
   952    106
   953   1255
   954   4761
   955   1728
   956   1523
   957    711
   958    159
   959   3768
   960   3926
   961    103
   962   2202
   963   4641
   964    361
   965   4966
   966   1149
   967   3102
   968   4913
   969   3929
   970    609
   971    713
   972   2447
   973   1023
   974   3453
   975    360
   976    104
   977    513
   978   4569
   979   3931
   980    925
   981   4255
   982   4064
   983   2282
   984   1518
   985   4802
   986   2603
   987   2368
   988   3312
   989   4857
   990   2758
   991   2756
   992   1967
   993   1382
   994   3313
   995   2446
   996    439
   997   1640
   998   3516
   999   4699
  1000   1895
  1001   2967
  1002   1639
  1003   1380
  1004   2280
  1005   4343
  1006   1516
  1007   4912
  1008   1148
  1009    220
  1010   4504
  1011   3923
  1012   2033
  1013   4505
  1014   4642
  1015   3928
  1016    101
  1017   2682
  1018    101
  1019    221
  1020   1815
  1021   3517
  1022    708
  1023   1814
  1024   1378
  1025   3765
  1026    511
  1027   4432
  1028   1513
  1029   3919
  1030   1020
  1031   4167
  1032   4966
  1033   2442
  1034   2965
  1035   2903
  1036    707
  1037   4253
  1038   1510
  1039    922
  1040    923
  1041   2031
  1042   4854
  1043   2365
  1044    709
  1045   1512
  1046   4344
  1047    218
  1048   3767
  1049   4638
  1050   3921
  1051    510
  1052    605
  1053     99
  1054   3246
  1055   3378
  1056    282
  1057   1252
  1058   1508
  1059   2124
  1060   3916
  1061   2278
  1062     99
  1063   1966
  1064   2600
  1065   3170
  1066   1375
  1067   1374
  1068   1507
  1069   2519
  1070   4963
  1071   4164
  1072   3585
  1073   3764
  1074   3050
  1075   2826
  1076   4061
  1077    358
  1078   4855
  1079   1519
  1080   3450
  1081   2199
  1082   4758
  1083   4635
  1084   3051
  1085   1892
  1086   4063
  1087   4340
  1088   4433
  1089   4502
  1090   3915
  1091   1501
  1092   1891
  1093   2755
  1094   1635
  1095    357
  1096    604
  1097    705
  1098   4757
  1099   1019
  1100   1504
  1101   3584
  1102   1251
  1103    920
  1104   1634
  1105   4566
  1106    509
  1107   4162
  1108    157
  1109    802
  1110   1372
  1111   3763
  1112   3912
  1113   1144
  1114   2123
  1115   3910
  1116   2824
  1117   3909
  1118   4852
  1119   1369
  1120   3653
  1121   4163
  1122   1146
  1123   2025
  1124   2441
  1125   4961
  1126   4565
  1127   2963
  1128   3169
  1129   4249
  1130   1502
  1131   2362
  1132   1370
  1133   3049
  1134   1503
  1135   1497
  1136   3242
  1137   2679
  1138   1812
  1139   4908
  1140   3448
  1141   2678
  1142   3310
  1143   4636
  1144   4849
  1145   4057
  1146    155
  1147   4960
  1148   4633
  1149    601
  1150     96
  1151    803
  1152   4254
  1153   4338
  1154   4563
  1155     97
  1156    437
  1157   2026
  1158   2121
  1159   4755
  1160   2363
  1161   3652
  1162   1496
  1163   3899
  1164   4248
  1165   4499
  1166   1630
  1167   2820
  1168   2597
  1169   1015
  1170    216
  1171   1495
  1172   1726
  1173   3907
  1174   3905
  1175   3100
  1176   1142
  1177   4058
  1178   1246
  1179   1245
  1180   4908
  1181   3447
  1182   4986
  1183    356
  1184   4696
  1185    602
  1186   1016
  1187   1493
  1188   1368
  1189   2821
  1190   2677
  1191   4054
  1192   3900
  1193   2196
  1194   2962
  1195   4428
  1196   1492
  1197   2027
  1198   4632
  1199    432
  1200   2596
  1201   4850
  1202   4560
  1203     98
  1204   3582
  1205    700
  1206   1248
  1207   3903
  1208   2437
  1209   1889
  1210   1489
  1211    915
  1212   4247
  1213   4496
  1214   4159
  1215   2438
  1216   3098
  1217   4847
  1218   4752
  1219   1964
  1220    280
  1221    433
  1222   2359
  1223   2360
  1224    800
  1225   4984
  1226    598
  1227   4335
  1228   4052
  1229   2593
  1230   4497
  1231    354
  1232   3376
  1233   1013
  1234   4956
  1235     93
  1236     93
  1237   3898
  1238   4558
  1239   2024
  1240   3651
  1241   3895
  1242   1483
  1243   1138
  1244   4332
  1245    914
  1246   1365
  1247   3760
  1248   1243
  1249   1484
  1250   4751
  1251    215
  1252   3240
  1253   1487
  1254   3046
  1255   2118
  1256    279
  1257   2676
  1258   4629
  1259   1725
  1260   2275
  1261   2752
  1262   2900
  1263   4752
  1264    699
  1265   3896
  1266   4426
  1267   3580
  1268   2436
  1269    698
  1270   1480
  1271   4628
  1272   3309
  1273    430
  1274   1481
  1275    506
  1276   2591
  1277   4244
  1278   1137
  1279   4424
  1280   3045
  1281    797
  1282   4051
  1283   1807
  1284   4799
  1285   2194
  1286   1962
  1287    596
  1288    352
  1289     92
  1290   4049
  1291    913
  1292   4694
  1293   2592
  1294   4557
  1295   1242
  1296   2433
  1297   4330
  1298   3512
  1299    594
  1300   1477
  1301   3167
  1302   4904
  1303   1888
  1304    912
  1305   4048
  1306   1135
  1307   2899
  1308   3891
  1309     91
  1310   3373
  1311   4245
  1312   1627
  1313   4844
  1314   1008
  1315   2960
  1316   4334
  1317    212
  1318   3579
  1319   4625
  1320   2273
  1321   1358
  1322   4953
  1323    695
  1324   2749
  1325    211
  1326   4420
  1327   3097
  1328    694
  1329   3888
  1330   1808
  1331   2021
  1332   2193
  1333    428
  1334   4797
  1335      8
  1336   1360
  1337   1724
  1338   3886
  1339    427
  1340   4749
  1341   2589
  1342    795
  1343   1362
  1344   1356
  1345   4330
  1346   1134
  1347   4493
  1348   4624
  1349   2513
  1350    909
  1351   4157
  1352   3650
  1353    277
  1354   2673
  1355   2511
  1356   4242
  1357   2818
  1358   1475
  1359      7
  1360    152
  1361   3094
  1362   3043
  1363   3306
  1364   1474
  1365   3511
  1366   4556
  1367   4155
  1368   1627
  1369   1007
  1370   1132
  1371   4418
  1372     43
  1373   4623
  1374   4044
  1375   4845
  1376      3
  1377   2431
  1378   4955
  1379   3305
  1380   1357
  1381    593
  1382   1239
  1383      4
  1384   3884
  1385    907
  1386   4902
  1387   2022
  1388   2897
  1389   1352
  1390   3882
  1391      2
  1392   4243
  1393   2510
  1394   1885
  1395    692
  1396    351
  1397   4326
  1398    426
  1399   3649
  1400   1238
  1401    151
  1402   1884
  1403   1237
  1404   2672
  1405   4796
  1406   3444
  1407   3092
  1408   2357
  1409     42
  1410   4491
  1411      1
  1412    793
  1413   4747
  1414   3880
  1415    502
  1416   3881
  1417   4046
  1418   2116
  1419   2511
  1420   4043
  1421    349
  1422      5
  1423   2746
  1424    209
  1425      1
  1426   1721
  1427   4415
  1428   2269
  1429   2895
  1430    905
  1431   1004
  1432   3509
  1433   4691
  1434   2428
  1435     41
  1436   3876
  1437   2427
  1438   4948
  1439   4900
  1440   1347
  1441   4489
  1442   1802
  1443   4621
  1444   4240
  1445   1348
  1446   3238
  1447   1625
  1448   3236
  1449   1883
  1450      1
  1451    690
  1452   1234
  1453   1240
  1454   1130
  1455   2020
  1456   2270
  1457   4843
  1458   4414
  1459   1233
  1460   1233
  1461    589
  1462   4618
  1463   4152
  1464   3371
  1465   3648
  1466   2957
  1467    691
  1468    424
  1469   4840
  1470   3754
  1471   3443
  1472   4237
  1473    791
  1474   3874
  1475   3873
  1476   1000
  1477    206
  1478   3040
  1479   1002
  1480   2191
  1481   4949
  1482   2745
  1483   3575
  1484    348
  1485   2508
  1486   1881
  1487   2190
  1488     86
  1489   1623
  1490    588
  1491   4041
  1492   2815
  1493   2584
  1494   1231
  1495   4743
  1496     40
  1497   4321
  1498   4322
  1499   4039
  1500   1342
  1501   4488
  1502   4946
  1503   1719
  1504    999
  1505    687
  1506   3753
  1507   2816
  1508   4619
  1509   1718
  1510   3164
  1511   4742
  1512   3163
  1513   4895
  1514   2267
  1515   3440
  1516   4616
  1517   2353
  1518   2112
  1519    499
  1520   4839
  1521    587
  1522   1230
  1523   3871
  1524   4552
  1525   1122
  1526    904
  1527   1127
  1528   1126
  1529   4893
  1530   4147
  1531   3508
  1532    345
  1533   3303
  1534   1339
  1535   3869
  1536   1470
  1537    788
  1538   2742
  1539   4236
  1540    684
  1541   1125
  1542   3574
  1543   3865
  1544    202
  1545   4412
  1546   3749
  1547   4146
  1548    203
  1549   4896
  1550   4320
  1551   3038
  1552   3750
  1553   4413
  1554   3369
  1555    995
  1556   1123
  1557    419
  1558   2955
  1559   4738
  1560    498
  1561    997
  1562   2814
  1563   2109
  1564   3161
  1565   4550
  1566   3864
  1567   2583
  1568   4317
  1569   4148
  1570   4550
  1571   4614
  1572   1337
  1573     84
  1574   2741
  1575   1879
  1576     82
  1577   2892
  1578   2189
  1579   4036
  1580   2425
  1581   4836
  1582   1120
  1583   2352
  1584   2017
  1585   3862
  1586    420
  1587   1338
  1588    786
  1589   2506
  1590    902
  1591    683
  1592   1800
  1593   4142
  1594   3437
  1595   1119
  1596   3505
  1597   1715
  1598   4889
  1599   1224
  1600   4739
  1601   4143
  1602     81
  1603   1469
  1604    149
  1605   4316
  1606   2264
  1607   4890
  1608   3160
  1609   3747
  1610   3745
  1611   2669
  1612    497
  1613   4035
  1614   3860
  1615    787
  1616   2953
  1617     80
  1618   3036
  1619   4407
  1620   3300
  1621   2890
  1622   1878
  1623    783
  1624    147
  1625    990
  1626   2348
  1627    341
  1628    583
  1629   3645
  1630   4408
  1631   3857
  1632   1115
  1633   1957
  1634   2811
  1635   2504
  1636   3033
  1637   2668
  1638   1117
  1639   2349
  1640   4737
  1641   2105
  1642   1335
  1643     38
  1644   4034
  1645   4483
  1646   4233
  1647   4611
  1648   1956
  1649   4834
  1650    988
  1651    992
  1652   4140
  1653   2106
  1654    581
  1655   3744
  1656   1716
  1657    146
  1658   3738
  1659   4735
  1660    781
  1661   1620
  1662   3858
  1663    782
  1664    198
  1665    899
  1666    989
  1667   3301
  1668    417
  1669   3436
  1670   3367
  1671    339
  1672   3504
  1673   1334
  1674    682
  1675   4138
  1676   2423
  1677   1795
  1678    197
  1679   4314
  1680     36
  1681   3740
  1682   2810
  1683   3032
  1684   1955
  1685   4733
  1686     37
  1687    779
  1688   4885
  1689    580
  1690   3855
  1691   4312
  1692   3643
  1693   2102
  1694   3741
  1695   4609
  1696   1220
  1697   4230
  1698   3852
  1699   2261
  1700   4482
  1701   4608
  1702   4883
  1703     35
  1704   2503
  1705   4033
  1706   2667
  1707    895
  1708   4403
  1709   4137
  1710   3231
  1711   1333
  1712   3229
  1713   4548
  1714   2101
  1715   4829
  1716    777
  1717   1953
  1718   1619
  1719    196
  1720    983
  1721    892
  1722   1794
  1723   2262
  1724   1876
  1725     78
  1726    893
  1727   3364
  1728   4734
  1729   1466
  1730   1111
  1731   2577
  1732   1109
  1733    775
  1734   4830
  1735   3736
  1736    986
  1737    680
  1738   4309
  1739   2739
  1740    578
  1741   2887
  1742   4404
  1743   2422
  1744   1713
  1745   3365
  1746    142
  1747   3733
  1748   3642
  1749    336
  1750   4027
  1751   2952
  1752   3851
  1753    415
  1754   1218
  1755   3729
  1756   4227
  1757   1953
  1758   3730
  1759   4028
  1760   3572
  1761   1464
  1762     32
  1763   1793
  1764   4546
  1765     33
  1766   3089
  1767   1108
  1768   4687
  1769    495
  1770   4793
  1771    887
  1772   4481
  1773   2809
  1774    773
  1775   2099
  1776   2576
  1777   3029
  1778   4308
  1779    273
  1780   1106
  1781   2737
  1782   2186
  1783    885
  1784   4402
  1785   4134
  1786   1874
  1787   4825
  1788    274
  1789   3723
  1790    575
  1791   2420
  1792    888
  1793   3724
  1794   1618
  1795   4792
  1796    414
  1797    492
  1798   3502
  1799   3158
  1800    981
  1801   4685
  1802   3721
  1803   3297
  1804   2885
  1805     76
  1806   2951
  1807    769
  1808    141
  1809    333
  1810    883
  1811   3501
  1812   3715
  1813   2419
  1814   2259
  1815   4024
  1816   1219
  1817   4023
  1818   1216
  1819   1616
  1820   3362
  1821   1104
  1822    332
  1823   1871
  1824   4225
  1825   3639
  1826   3719
  1827   3717
  1828   3849
  1829   4478
  1830    678
  1831   3157
  1832   2573
  1833    980
  1834   1792
  1835    771
  1836    573
  1837   2736
  1838   4606
  1839    882
  1840    413
  1841   2574
  1842   2346
  1843   3638
  1844     29
  1845     29
  1846   3712
  1847   2014
  1848   4826
  1849   4020
  1850   4224
  1851   1951
  1852   4398
  1853   2949
  1854   4132
  1855    192
  1856   2735
  1857     28
  1858    411
  1859   4683
  1860   3711
  1861    139
  1862   3433
  1863     73
  1864    140
  1865   3026
  1866   4544
  1867   2257
  1868    329
  1869   3713
  1870   1614
  1871    271
  1872   3156
  1873   1103
  1874   4306
  1875   4021
  1876   3361
  1877   2183
  1878    768
  1879   1711
  1880   4788
  1881    676
  1882    978
  1883   3711
  1884    572
  1885   4603
  1886   1328
  1887   4730
  1888   3845
  1889   1215
  1890    570
  1891   1869
  1892   4399
  1893   3712
  1894   2416
  1895   3155
  1896   4222
  1897   3709
  1898   2806
  1899   4400
  1900   1710
  1901   2663
  1902   2181
  1903   3570
  1904   2343
  1905   4679
  1906   4729
  1907     27
  1908   4680
  1909   3712
  1910   3568
  1911    410
  1912   4129
  1913    327
  1914     69
  1915   2883
  1916   1867
  1917    138
  1918   2947
  1919    328
  1920   4130
  1921     25
  1922    672
  1923   1460
  1924     70
  1925    876
  1926    490
  1927   4396
  1928   4394
  1929   4303
  1930   1327
  1931   4018
  1932   4727
  1933   2179
  1934   3428
  1935   4678
  1936    766
  1937   1213
  1938   1786
  1939   3567
  1940    976
  1941   2570
  1942   3429
  1943   2662
  1944   4677
  1945    567
  1946   3707
  1947   3836
  1948     23
  1949   3706
  1950   3221
  1951    670
  1952   2095
  1953   3023
  1954   3711
  1955   2413
  1956   4474
  1957   2414
  1958   3022
  1959   1613
  1960    671
  1961    189
  1962   3223
  1963   3845
  1964    270
  1965   1949
  1966   3564
  1967   4724
  1968   4220
  1969    191
  1970   2882
  1971   2180
  1972   1788
  1973   3830
  1974    326
  1975   3828
  1976    877
  1977   2805
  1978    407
  1979    668
  1980   4016
  1981   2253
  1982    488
  1983   4675
  1984   4126
  1985   1101
  1986   3086
  1987   1461
  1988   2945
  1989   4473
  1990   1100
  1991   3566
  1992     25
  1993   1323
  1994   3295
  1995   3834
  1996   2498
  1997   2732
  1998    763
  1999   4600
  2000     24
  2001   2091
  2002   2012
  2003    564
  2004   4012
  2005   4300
  2006   1864
  2007   4011
  2008   2252
  2009   3427
  2010   1948
  2011   2340
  2012   3292
  2013    667
  2014    405
  2015    874
  2016     65
  2017   2568
  2018    266
  2019   1783
  2020   1610
  2021   3829
  2022   2880
  2023    666
  2024   4299
  2025     66
  2026    872
  2027   3020
  2028   1099
  2029   1324
  2030   3220
  2031   3563
  2032    188
  2033   2731
  2034   2566
  2035   4672
  2036    565
  2037   4125
  2038   3153
  2039     23
  2040   4598
  2041   2339
  2042   2011
  2043   2090
  2044   1096
  2045    484
  2046    264
  2047     23
  2048   4542
  2049   1863
  2050   2878
  2051   4394
  2052    321
  2053   3498
  2054   2801
  2055   2496
  2056   2660
  2057   2564
  2058   3823
  2059   3822
  2060   4122
  2061   2411
  2062   1781
  2063   3084
  2064    871
  2065   3825
  2066   4216
  2067    761
  2068   1321
  2069    135
  2070   1455
  2071   4393
  2072   3291
  2073   1942
  2074   2087
  2075     60
  2076   1095
  2077    562
  2078    663
  2079   3634
  2080    136
  2081   2563
  2082     22
  2083    485
  2084   1944
  2085   2249
  2086   3820
  2087   1456
  2088   1780
  2089   3218
  2090   4009
  2091   3424
  2092   2247
  2093   4008
  2094   2085
  2095   2729
  2096    404
  2097   1778
  2098   4298
  2099    557
  2100   1093
  2101   4217
  2102    559
  2103    402
  2104   4599
  2105   2494
  2106     57
  2107   4539
  2108   2010
  2109    322
  2110   2177
  2111   2943
  2112   2728
  2113   1943
  2114    182
  2115   1319
  2116   2246
  2117   3821
  2118   1453
  2119   2084
  2120    185
  2121   4469
  2122    759
  2123   3215
  2124   2493
  2125   2876
  2126   3562
  2127     59
  2128    660
  2129   1606
  2130    756
  2131     55
  2132   4538
  2133   2244
  2134    480
  2135   3699
  2136   3497
  2137   2798
  2138   2491
  2139   1318
  2140   3018
  2141   2409
  2142   2560
  2143   2727
  2144   4468
  2145   4296
  2146   1450
  2147   3421
  2148   2007
  2149     15
  2150   3701
  2151   1862
  2152   1707
  2153   4387
  2154   3213
  2155   2009
  2156   2175
  2157   4119
  2158    181
  2159     59
  2160   2490
  2161   2335
  2162    660
  2163   2082
  2164   4002
  2165   1092
  2166   2723
  2167   4388
  2168    869
  2169     54
  2170    556
  2171    560
  2172   2173
  2173   3820
  2174   3422
  2175   3825
  2176   1694
  2177   3212
  2178    659
  2179   2874
  2180   2941
  2181    132
  2182   1210
  2183   2080
  2184   2659
  2185   3818
  2186   2005
  2187    756
  2188   2337
  2189   2407
  2190    132
  2191    478
  2192   1860
  2193   2654
  2194   4595
  2195   2723
  2196   1316
  2197     15
  2198   1939
  2199   2171
  2200    971
  2201   3998
  2202   2334
  2203   3420
  2204   3820
  2205    259
  2206   2003
  2207    479
  2208    399
  2209   3560
  2210   1772
  2211   3698
  2212   4594
  2213   2557
  2214   1090
  2215   2170
  2216   4002
  2217   2078
  2218   1443
  2219   1600
  2220   1451
  2221   1770
  2222   1697
  2223    260
  2224   2332
  2225   1857
  2226    867
  2227    129
  2228    758
  2229   1938
  2230    972
  2231   1701
  2232   2075
  2233     18
  2234   1775
  2235   2558
  2236    127
  2237   1768
  2238   1703
  2239   1088
  2240   2872
  2241   3210
  2242    554
  2243   1700
  2244   3016
  2245   3150
  2246   1936
  2247   1082
  2248    862
  2249   3354
  2250   1774
  2251   1309
  2252   2073
  2253   4464
  2254   1315
  2255   2330
  2256   1997
  2257   4211
  2258   1693
  2259   1767
  2260   3356
  2261   1602
  2262   3696
  2263   3209
  2264    401
  2265    970
  2266   2721
  2267   1449
  2268   4386
  2269    864
  2270   1084
  2271   2000
  2272   1441
  2273   1206
  2274   1698
  2275   3207
  2276   3558
  2277   1446
  2278   2242
  2279   1208
  2280   2652
  2281   3992
  2282   1444
  2283   1086
  2284   1311
  2285   1440
  2286   1596
  2287   1078
  2288    555
  2289   1765
  2290   1447
  2291   4592
  2292    180
  2293   1080
  2294   4593
  2295   4115
  2296   3993
  2297   1694
  2298   1081
  2299     19
  2300   1695
  2301   1308
  2302   2795
  2303   2168
  2304   1307
  2305   3419
  2306    755
  2307   4295
  2308   2404
  2309     15
  2310   1999
  2311   3815
  2312   1437
  2313   1692
  2314   3812
  2315   2720
  2316   3353
  2317   2555
  2318    317
  2319   2488
  2320   1934
  2321   2328
  2322    858
  2323    656
  2324    257
  2325   1076
  2326     11
  2327   2327
  2328   2238
  2329   1203
  2330   2167
  2331   4461
  2332   3208
  2333   4212
  2334   3557
  2335   4462
  2336    475
  2337   3809
  2338   2070
  2339    398
  2340   1304
  2341   2936
  2342   3146
  2343   2938
  2344   1932
  2345   3077
  2346   1932
  2347   1075
  2348     52
  2349   1303
  2350     12
  2351   1201
  2352    969
  2353   3014
  2354   3014
  2355   1073
  2356    753
  2357   2068
  2358    253
  2359   4113
  2360    125
  2361   3494
  2362   2402
  2363     10
  2364   4383
  2365   4293
  2366   2325
  2367   2718
  2368   2651
  2369   4210
  2370   2237
  2371     14
  2372    124
  2373   1071
  2374    752
  2375   2870
  2376   2554
  2377   2398
  2378   3148
  2379   2165
  2380   3811
  2381    316
  2382    654
  2383    552
  2384   3417
  2385    653
  2386   3283
  2387     50
  2388    965
  2389   2485
  2390   2794
  2391    967
  2392   2863
  2393   3078
  2394    178
  2395   4208
  2396   3288
  2397   2324
  2398     10
  2399     13
  2400   3806
  2401    856
  2402     48
  2403   3628
  2404   4111
  2405   3990
  2406   4108
  2407   2793
  2408    395
  2409    854
  2410   3490
  2411     10
  2412    253
  2413   3692
  2414   2553
  2415    471
  2416   3206
  2417   3555
  2418    549
  2419   3012
  2420   2648
  2421   2400
  2422    176
  2423   3693
  2424   3491
  2425   2859
  2426   2865
  2427    252
  2428    651
  2429   3076
  2430   2935
  2431   3002
  2432    394
  2433     47
  2434    122
  2435    547
  2436    472
  2437    121
  2438   2646
  2439    250
  2440    312
  2441   3988
  2442    546
  2443   3415
  2444   2933
  2445   3282
  2446    251
  2447   3142
  2448   3629
  2449   3803
  2450    470
  2451   2645
  2452    391
  2453    174
  2454    249
  2455   3622
  2456   3276
  2457   2790
  2458   3624
  2459   3986
  2460   3688
  2461   2788
  2462   2789
  2463   3075
  2464   2864
  2465   3280
  2466   3984
  2467   3543
  2468   3690
  2469   3273
  2470   2861
  2471   3412
  2472   3003
  2473   2930
  2474   3554
  2475   3278
  2476   3073
  2477   3546
  2478   3137
  2479   3410
  2480   3686
  2481   3549
  2482   3351
  2483   3489
  2484   3684
  2485   3205
  2486   3004
  2487   3549
  2488   3623
  2489   3349
  2490   3008
  2491   3007
  2492   3487
  2493   3486
  2494   3347
  2495   3203
  2496   3138
  2497   3407
  2498   3200
  2499   3138
  2500   3346
  2501   3345
