     1   3075
     2   2921
     3   2997
     4   2920
     5   2696
     6   2609
     7   2694
     8   3161
     9   3245
    10   2465
    11   2311
    12   2996
    13   3404
    14   2538
    15   2391
    16   3403
    17   2231
    18   2841
    19   3072
    20   2166
    21   3316
    22   3405
    23   2024
    24   2388
    25   2535
    26   3487
    27   2772
    28   3244
    29   2387
    30   2164
    31   2090
    32   2771
    33   2918
    34   1856
    35   3159
    36   3482
    37   3313
    38   2606
    39   3645
    40   3069
    41   1931
    42   2089
    43   2309
    44   3481
    45   2838
    46   3068
    47   3242
    48   1927
    49   3719
    50   3644
    51   2386
    52   2604
    53   3240
    54   3779
    55   2088
    56   1777
    57   2229
    58   2533
    59   3400
    60   2915
    61   1775
    62   3482
    63   3068
    64   1851
    65   2380
    66   2837
    67   2227
    68   2768
    69   3854
    70   2381
    71   1849
    72   3641
    73   3069
    74   2766
    75   2083
    76   2602
    77   3776
    78   1471
    79   1687
    80   3941
    81   1845
    82   3309
    83   1262
    84   3853
    85   1128
    86   1850
    87   3479
    88   1470
    89   2021
    90   3237
    91   1853
    92    166
    93   1020
    94   1688
    95    249
    96     90
    97   2603
    98   1679
    99   2081
   100    922
   101   2302
   102   2086
   103   2018
   104   3066
   105   2155
   106   3562
   107   2014
   108   1771
   109     92
   110     38
   111   2159
   112   1568
   113   2834
   114   1681
   115   1924
   116   2377
   117    126
   118    827
   119   2154
   120   1017
   121   2228
   122    300
   123   2832
   124   1772
   125   3852
   126   2226
   127   1685
   128   1569
   129    298
   130    725
   131   1844
   132   2012
   133   2017
   134   4016
   135    246
   136   1670
   137     36
   138   4093
   139   2688
   140   2022
   141   1127
   142     85
   143    723
   144   2988
   145   4015
   146   1774
   147    123
   148    247
   149   2224
   150   3399
   151    425
   152     89
   153   2382
   154    828
   155     38
   156   2375
   157   3236
   158    577
   159   1671
   160    427
   161   2006
   162   1259
   163   1766
   164    920
   165   2010
   166   3638
   167    642
   168   2378
   169   1561
   170    575
   171    422
   172    572
   173   1674
   174   2460
   175   2304
   176    242
   177   1841
   178    357
   179    354
   180    636
   181   3774
   182   2153
   183   3308
   184   1558
   185   2299
   186   2527
   187    502
   188     33
   189    419
   190    421
   191    500
   192   1675
   193    423
   194   1767
   195    635
   196    918
   197   1125
   198    244
   199   1468
   200   3064
   201     35
   202   2532
   203    720
   204   1765
   205   1922
   206   2682
   207   2374
   208   2008
   209    121
   210   2691
   211   2597
   212    722
   213   2003
   214   1669
   215    634
   216   1668
   217   2758
   218    355
   219   2218
   220    637
   221    917
   222   2368
   223    498
   224   1562
   225   1466
   226    163
   227   2686
   228   1665
   229   4170
   230   3773
   231   1556
   232   2077
   233    416
   234   2524
   235   2461
   236   1838
   237   3152
   238     13
   239    353
   240   1564
   241   2153
   242   2149
   243   1559
   244   2002
   245   2984
   246     83
   247   2529
   248   2683
   249   2764
   250   3307
   251   1258
   252    916
   253   2151
   254   3235
   255   1666
   256    716
   257   4168
   258   2004
   259   4014
   260   2217
   261   3938
   262   1760
   263   2219
   264   1920
   265    915
   266    914
   267   1462
   268   2457
   269   1255
   270   2681
   271   2829
   272   2367
   273   2372
   274   1124
   275   2220
   276   2297
   277   1761
   278   1463
   279   1253
   280     76
   281   2825
   282   1839
   283   1759
   284    569
   285   1663
   286   2762
   287   1250
   288    568
   289   2679
   290   2370
   291    913
   292   3474
   293   2454
   294   3475
   295   2522
   296   2763
   297    243
   298     77
   299   2147
   300   1122
   301   2677
   302   1457
   303    715
   304   2914
   305   2595
   306   2824
   307   2760
   308    912
   309   1458
   310   2983
   311   3716
   312   2526
   313   3150
   314    415
   315   4166
   316      9
   317     29
   318   2986
   319   2985
   320    239
   321   2912
   322   2820
   323     30
   324   2977
   325   2822
   326   1249
   327   1554
   328     80
   329   2676
   330    632
   331   3637
   332   2592
   333   2365
   334   1011
   335   2909
   336    120
   337   4165
   338   4327
   339     11
   340   3714
   341      9
   342    117
   343   2674
   344   2364
   345   1553
   346   3850
   347   1837
   348   3397
   349   1247
   350   4013
   351   2908
   352   1245
   353   3062
   354    238
   355   3772
   356   1008
   357   3061
   358   3935
   359   2979
   360   2076
   361   3058
   362   2982
   363    351
   364   1455
   365      7
   366   2296
   367   2755
   368     73
   369    821
   370    712
   371   3056
   372    495
   373   3145
   374   3232
   375     71
   376    496
   377     66
   378   1836
   379   3055
   380   4325
   381    237
   382   3848
   383     27
   384   3559
   385   3296
   386      8
   387    713
   388   2518
   389    114
   390   1121
   391   1757
   392     64
   393   4324
   394     29
   395   3227
   396   1006
   397   3146
   398   3229
   399   4164
   400   3302
   401   3557
   402   2673
   403   2146
   404   1243
   405    113
   406   2818
   407   3709
   408    629
   409   3712
   410   3846
   411   3225
   412   3228
   413   3936
   414   4514
   415   3231
   416   1007
   417   2516
   418   2906
   419   3301
   420      5
   421   3297
   422     60
   423      7
   424   4091
   425   3303
   426   3223
   427   1550
   428      6
   429    817
   430    109
   431   2295
   432   1241
   433   2517
   434   3472
   435     59
   436   3393
   437     24
   438   2590
   439   3933
   440   4236
   441   1551
   442   2753
   443   1835
   444   3392
   445   2905
   446    350
   447   3710
   448   1119
   449   3052
   450   3389
   451   1999
   452   4323
   453    412
   454    161
   455    413
   456   3384
   457   3294
   458   4510
   459   3222
   460    628
   461   2292
   462     55
   463     57
   464   4088
   465   3384
   466   2754
   467   3844
   468    108
   469   4008
   470     50
   471    235
   472   1003
   473   2215
   474   1452
   475   3143
   476     52
   477   3463
   478   2074
   479   3466
   480   3461
   481    819
   482   4511
   483   3841
   484   4418
   485   1916
   486      4
   487   3465
   488   2451
   489   3631
   490   4237
   491   3460
   492     21
   493     51
   494    112
   495   2975
   496    564
   497    291
   498   3553
   499    563
   500   2360
   501   3221
   502   3553
   503   3708
   504   3387
   505   1547
   506   3293
   507   2671
   508   4696
   509   3382
   510   2903
   511   4417
   512   3842
   513   4161
   514   2450
   515   1547
   516   3552
   517   1004
   518    107
   519   4007
   520   1240
   521   4322
   522     48
   523    104
   524   3547
   525     20
   526      1
   527   2588
   528   1116
   529   3632
   530      2
   531   1119
   532   2000
   533   3549
   534     16
   535   4509
   536   3548
   537   3629
   538   1660
   539   3769
   540      3
   541   3049
   542   3050
   543   1833
   544      4
   545    231
   546   3702
   547    711
   548   1996
   549   3633
   550   3379
   551   3927
   552     16
   553   4416
   554    234
   555   3627
   556    626
   557     44
   558   2752
   559   3218
   560   3705
   561    104
   562   4087
   563    406
   564    405
   565   2144
   566   2214
   567   4759
   568   4006
   569    159
   570   2814
   571    909
   572   4320
   573   2586
   574    910
   575     47
   576   3759
   577   1115
   578   3623
   579   4234
   580     44
   581   4627
   582   3291
   583   3623
   584   4412
   585   2359
   586   3545
   587    491
   588   3543
   589   1448
   590   2447
   591   3922
   592   3701
   593   3831
   594   3767
   595   1545
   596    228
   597    101
   598      1
   599    562
   600   3764
   601      1
   602   3699
   603   1656
   604     44
   605   1114
   606     15
   607   3701
   608   2668
   609   1657
   610     16
   611   3762
   612    349
   613   3761
   614     43
   615   1830
   616   3832
   617   4002
   618    102
   619   2901
   620   4757
   621   1995
   622    815
   623    492
   624   3141
   625   1236
   626    348
   627    100
   628   2972
   629   4159
   630   3826
   631   3763
   632    229
   633    288
   634    485
   635   3459
   636   3921
   637    709
   638   2289
   639   2515
   640   4623
   641   1234
   642    225
   643    403
   644   3915
   645   2812
   646   3217
   647   4319
   648   3621
   649   3915
   650    999
   651   3827
   652   1831
   653     14
   654   2071
   655     40
   656   3916
   657    156
   658    401
   659   4758
   660   3829
   661   1445
   662    624
   663   2749
   664   3834
   665   4411
   666   3696
   667   4621
   668    706
   669    346
   670     99
   671   2288
   672   2141
   673   1000
   674   3914
   675   4694
   676     97
   677    285
   678   3290
   679    489
   680    486
   681   2444
   682   4157
   683   2445
   684   1446
   685   4082
   686    224
   687   4000
   688    487
   689    907
   690    154
   691   3540
   692   3914
   693    397
   694    284
   695   1653
   696   4075
   697   1231
   698    396
   699   4865
   700   2667
   701   3998
   702   1440
   703    477
   704    152
   705   4229
   706    222
   707   4318
   708    223
   709    813
   710   3915
   711   1912
   712   3824
   713   3996
   714   3539
   715   2286
   716   1436
   717    344
   718   2514
   719    282
   720   1652
   721    707
   722   4752
   723   3991
   724   3138
   725    342
   726   1230
   727   1437
   728   3137
   729    397
   730   4156
   731    622
   732   4080
   733   1992
   734   4229
   735   4406
   736   1112
   737   2811
   738   4809
   739   2899
   740   2358
   741    557
   742   1228
   743   4407
   744    393
   745    340
   746   2357
   747   2582
   748   3618
   749    809
   750    339
   751   3997
   752   4507
   753   2069
   754    551
   755   4153
   756   3619
   757   4750
   758   4619
   759    473
   760   4154
   761   1436
   762   3828
   763   1829
   764    905
   765    997
   766   4891
   767   4074
   768   2139
   769   4225
   770   3375
   771   4404
   772   1436
   773    810
   774    475
   775   3289
   776    616
   777   2664
   778    475
   779   4074
   780    704
   781   1430
   782    474
   783   3537
   784   1430
   785   3215
   786    396
   787   2210
   788   1651
   789   3989
   790   4150
   791   1435
   792   4073
   793   1910
   794   1108
   795    473
   796    617
   797   2663
   798   2896
   799   4929
   800    551
   801   2209
   802   4141
   803   2439
   804   4314
   805   4142
   806   1225
   807   4749
   808   4506
   809   2970
   810   1909
   811   1107
   812    995
   813    545
   814   4689
   815    902
   816   4146
   817   1649
   818   2440
   819   3134
   820   3615
   821   4863
   822   4399
   823   3536
   824   2895
   825   2894
   826   3756
   827   2138
   828   4404
   829    807
   830   4223
   831    473
   832   4142
   833   3373
   834   2745
   835   4927
   836   3456
   837   4889
   838   3213
   839    803
   840   4309
   841   2581
   842   4690
   843   1540
   844   1221
   845   4304
   846   3287
   847   2437
   848   1990
   849   1106
   850   4614
   851   1827
   852    994
   853    804
   854   4925
   855    614
   856   2355
   857   3911
   858   1104
   859   4221
   860   1648
   861   4807
   862    474
   863   3133
   864   4140
   865    542
   866   1538
   867   1418
   868   3614
   869   2746
   870   1107
   871    545
   872   4142
   873   4213
   874   1906
   875   4747
   876   1220
   877   2892
   878   4924
   879    801
   880   4688
   881    541
   882   4858
   883   3371
   884    991
   885   2580
   886   4610
   887   3534
   888   4887
   889   1218
   890   2282
   891   4400
   892   4216
   893   2065
   894   2436
   895   2661
   896   1415
   897   3986
   898   2207
   899   1419
   900   4971
   901   3211
   902   3288
   903   4295
   904   4394
   905   4923
   906    702
   907   4806
   908   3045
   909   1752
   910   2066
   911   4303
   912    541
   913   4293
   914   4746
   915   2353
   916   1216
   917    542
   918   1643
   919   1215
   920   4214
   921   4395
   922   3693
   923   3823
   924   1904
   925   1642
   926   4293
   927    990
   928   3132
   929   1411
   930   1903
   931   4854
   932   1748
   933   1407
   934    799
   935   3988
   936   4948
   937    608
   938   1413
   939   2354
   940    800
   941   4612
   942   4855
   943   1536
   944   4921
   945   2808
   946   4297
   947   4744
   948    607
   949   1409
   950    612
   951   4212
   952   1404
   953   1415
   954   3284
   955   4296
   956   3611
   957   3754
   958   1825
   959   2890
   960   1749
   961   1405
   962   4611
   963   4395
   964   1986
   965   4296
   966   2135
   967   2509
   968   1102
   969    899
   970   4293
   971   2134
   972   2351
   973   4211
   974   4858
   975   2967
   976   2579
   977   4389
   978   4970
   979   4609
   980   2578
   981   4382
   982   4294
   983    695
   984   4499
   985   4383
   986   2281
   987   3130
   988   4743
   989   3821
   990    896
   991   1637
   992    607
   993   4391
   994   1096
   995   1823
   996   1397
   997   1642
   998   3818
   999   3531
  1000    692
  1001    696
  1002   1745
  1003   1399
  1004   4800
  1005   1821
  1006   1393
  1007   1095
  1008   1985
  1009   3454
  1010   2805
  1011   4945
  1012   1391
  1013   4853
  1014   1387
  1015   3283
  1016   4491
  1017   2434
  1018   4069
  1019   1533
  1020   1395
  1021   2887
  1022   1534
  1023   3985
  1024   1212
  1025   4682
  1026   3610
  1027   1383
  1028   2806
  1029   4386
  1030    988
  1031   4609
  1032   4387
  1033    895
  1034   4988
  1035   2657
  1036   4488
  1037   4383
  1038   3753
  1039   2507
  1040   4287
  1041   4289
  1042    794
  1043   4799
  1044   4678
  1045   4797
  1046   2204
  1047    793
  1048   1984
  1049    692
  1050   1385
  1051   4381
  1052   4606
  1053    693
  1054   3209
  1055   4883
  1056   3819
  1057   4385
  1058   1635
  1059   1093
  1060   3042
  1061   3533
  1062   4486
  1063   4947
  1064   1742
  1065   3452
  1066   2655
  1067   3530
  1068   1389
  1069    692
  1070   4920
  1071   3983
  1072   1379
  1073   1633
  1074   2350
  1075    985
  1076   1210
  1077   1376
  1078   1373
  1079   2431
  1080   4136
  1081   3282
  1082   2575
  1083   2062
  1084   3608
  1085   4918
  1086   1741
  1087   4967
  1088   3039
  1089   2654
  1090   3816
  1091    787
  1092   1397
  1093   4601
  1094   4137
  1095   3982
  1096   4285
  1097   1372
  1098   4671
  1099   4852
  1100   4676
  1101   4286
  1102   1374
  1103   4478
  1104   4794
  1105   2886
  1106   4742
  1107   4476
  1108   1819
  1109   3041
  1110   4477
  1111   2203
  1112    893
  1113   3528
  1114   2278
  1115    785
  1116   4487
  1117   1368
  1118   4965
  1119    980
  1120   4478
  1121   2505
  1122   3688
  1123    981
  1124   4475
  1125   2804
  1126   3451
  1127   1371
  1128   1367
  1129   3368
  1130   2349
  1131   1359
  1132   4284
  1133    981
  1134   3980
  1135    784
  1136   4880
  1137   4672
  1138   4848
  1139   4601
  1140   4485
  1141   2348
  1142   3128
  1143   3035
  1144   1981
  1145   4984
  1146   1208
  1147    783
  1148   1627
  1149   2132
  1150   1630
  1151   4917
  1152   4377
  1153   1363
  1154   2802
  1155   1632
  1156   4942
  1157   3752
  1158   1980
  1159   3206
  1160   3036
  1161   1739
  1162   4133
  1163   4981
  1164   3905
  1165   4378
  1166   4585
  1167   4475
  1168   1361
  1169   4846
  1170   1365
  1171   4601
  1172   4962
  1173   1357
  1174   4790
  1175   3525
  1176   2503
  1177   4132
  1178   4739
  1179   4668
  1180   4475
  1181   2273
  1182   2274
  1183   4589
  1184    782
  1185   3605
  1186   1736
  1187    976
  1188   4737
  1189   4586
  1190   4915
  1191   1528
  1192    976
  1193   1816
  1194   1354
  1195   2428
  1196   2573
  1197   1089
  1198   1526
  1199   1979
  1200   4672
  1201   2884
  1202   3904
  1203   1626
  1204   1351
  1205   4067
  1206   3449
  1207   1204
  1208   4789
  1209   3205
  1210   3126
  1211   1357
  1212   4734
  1213   4877
  1214   3606
  1215   3037
  1216   1205
  1217    779
  1218   4582
  1219   2346
  1220   1345
  1221   4665
  1222    892
  1223   4980
  1224   4281
  1225   1619
  1226   4787
  1227   2801
  1228   3280
  1229   4875
  1230   4663
  1231   4940
  1232   4282
  1233   4575
  1234   4574
  1235   1734
  1236   3813
  1237   1621
  1238   4911
  1239   1347
  1240   4576
  1241   1902
  1242   4578
  1243   4731
  1244   1085
  1245   1338
  1246   2501
  1247   4130
  1248    781
  1249   1900
  1250   1525
  1251   2130
  1252   1815
  1253   4661
  1254   4842
  1255   1618
  1256   4783
  1257   4375
  1258   1342
  1259   1334
  1260   3902
  1261   3277
  1262    777
  1263   1203
  1264    973
  1265   3602
  1266   2201
  1267   1084
  1268    777
  1269   1976
  1270   4065
  1271   3034
  1272   2347
  1273   4728
  1274   1617
  1275   1339
  1276   2272
  1277   4572
  1278   2652
  1279   4785
  1280   4979
  1281   1336
  1282   3203
  1283   4938
  1284   3448
  1285   1344
  1286   3364
  1287   2500
  1288   4569
  1289   1340
  1290   3812
  1291   1083
  1292   2965
  1293   1814
  1294   1612
  1295   4659
  1296   3363
  1297   1898
  1298   4566
  1299    887
  1300   2427
  1301   4279
  1302   4063
  1303   1613
  1304   4204
  1305   4780
  1306   2742
  1307   3750
  1308   1522
  1309   1331
  1310   4561
  1311    776
  1312   4469
  1313   4727
  1314   4567
  1315    885
  1316   4873
  1317   2129
  1318   1199
  1319   4957
  1320   1609
  1321   4840
  1322   4958
  1323    774
  1324   1972
  1325   4468
  1326   4658
  1327   1328
  1328   2882
  1329   1324
  1330   3122
  1331   3977
  1332    972
  1333   2270
  1334    970
  1335   1610
  1336   4937
  1337   3600
  1338   2962
  1339   1321
  1340   4563
  1341   1081
  1342   4871
  1343   4909
  1344   4779
  1345   4558
  1346   1318
  1347   4839
  1348   3276
  1349   4724
  1350   4203
  1351   1326
  1352   1973
  1353   3601
  1354    888
  1355   2496
  1356   4061
  1357    770
  1358   3900
  1359   2343
  1360   2649
  1361   1197
  1362   1731
  1363   1521
  1364   1322
  1365   4559
  1366   3521
  1367   2883
  1368   4557
  1369   3810
  1370   4723
  1371   4556
  1372    882
  1373   1608
  1374   1604
  1375   3749
  1376   1812
  1377    880
  1378   4277
  1379   2648
  1380   3976
  1381   4554
  1382   1519
  1383   4201
  1384   3120
  1385    769
  1386   4467
  1387   2495
  1388   1309
  1389   1195
  1390   1077
  1391   2737
  1392   4463
  1393   4956
  1394   2126
  1395   1313
  1396   4720
  1397   4654
  1398    771
  1399   4835
  1400    879
  1401   1075
  1402   4465
  1403   4718
  1404   3362
  1405   3119
  1406   3520
  1407   1314
  1408   4935
  1409   1311
  1410   3975
  1411   1514
  1412   3683
  1413   4460
  1414   1513
  1415   1729
  1416   4907
  1417   4550
  1418   4832
  1419   2959
  1420   3811
  1421   2268
  1422    883
  1423   1075
  1424   4276
  1425   4833
  1426   1895
  1427   4652
  1428   3444
  1429   1191
  1430   1316
  1431   1306
  1432   4461
  1433   4373
  1434   1894
  1435   2341
  1436   1515
  1437   1194
  1438    965
  1439   2570
  1440   2957
  1441   1073
  1442   3199
  1443   4060
  1444   4547
  1445   4869
  1446   4776
  1447    765
  1448   4459
  1449    768
  1450   1511
  1451   1603
  1452   4198
  1453    689
  1454    875
  1455   4716
  1456   3806
  1457   2568
  1458   1304
  1459   4649
  1460   2059
  1461    690
  1462   3680
  1463   4372
  1464   1730
  1465   1307
  1466   4952
  1467   2960
  1468   4648
  1469   4457
  1470    873
  1471   1188
  1472   4275
  1473   4544
  1474   4453
  1475   1302
  1476   1067
  1477   4057
  1478   4646
  1479   4713
  1480   3442
  1481   3898
  1482   3196
  1483   2734
  1484   4128
  1485   2735
  1486   4831
  1487   1065
  1488   1182
  1489    691
  1490   4828
  1491   4452
  1492   4773
  1493   3679
  1494   3359
  1495    868
  1496   1893
  1497   2266
  1498   4902
  1499    869
  1500   1180
  1501   4903
  1502   1184
  1503   1298
  1504   1071
  1505    763
  1506   4714
  1507   2423
  1508   4542
  1509   1060
  1510   1302
  1511    871
  1512    687
  1513   4197
  1514   1892
  1515    606
  1516   4449
  1517   1510
  1518   2055
  1519   1064
  1520    685
  1521    962
  1522   3518
  1523   2880
  1524   3195
  1525   4540
  1526   1809
  1527   4056
  1528   4900
  1529   4826
  1530   4642
  1531   2339
  1532   4442
  1533   4825
  1534   3896
  1535   4444
  1536   1177
  1537   2567
  1538   1058
  1539   1062
  1540   4441
  1541   2494
  1542   4368
  1543    683
  1544   3357
  1545   2265
  1546   2054
  1547   1178
  1548   4366
  1549    605
  1550   3599
  1551    761
  1552   4771
  1553   4823
  1554   4447
  1555   2881
  1556   4640
  1557   1807
  1558   1056
  1559   4439
  1560   4769
  1561   3748
  1562    865
  1563   4539
  1564   1294
  1565   1060
  1566   3116
  1567   3439
  1568   4370
  1569   4272
  1570    681
  1571   4641
  1572   1059
  1573    960
  1574   2421
  1575   2733
  1576   1295
  1577   4435
  1578   1889
  1579    866
  1580    856
  1581   4868
  1582   2197
  1583   4896
  1584   1726
  1585   3747
  1586   4364
  1587   3440
  1588   3972
  1589    859
  1590    757
  1591    603
  1592   2493
  1593   1054
  1594   4437
  1595   4360
  1596   4362
  1597   2954
  1598   1172
  1599   1178
  1600   4709
  1601   2053
  1602   4768
  1603   4821
  1604   4359
  1605   1052
  1606    680
  1607   4356
  1608   1171
  1609    538
  1610   3595
  1611   4435
  1612   1888
  1613   2337
  1614    599
  1615   3114
  1616    854
  1617    958
  1618    861
  1619    758
  1620    850
  1621   1170
  1622   2643
  1623    600
  1624   3355
  1625   1806
  1626   2645
  1627   4271
  1628   1505
  1629   2196
  1630   4534
  1631   4264
  1632   2195
  1633   4767
  1634   1168
  1635   3894
  1636    537
  1637   4125
  1638   3594
  1639   3745
  1640   4707
  1641   4350
  1642    755
  1643    852
  1644    753
  1645   4265
  1646   4820
  1647   3113
  1648    753
  1649   4535
  1650   4354
  1651   2953
  1652   4353
  1653    676
  1654   4267
  1655   2052
  1656   2336
  1657    957
  1658   3274
  1659   4706
  1660   1292
  1661    677
  1662   1724
  1663   2492
  1664   1967
  1665    672
  1666    534
  1667   4533
  1668   1166
  1669   1048
  1670   3514
  1671   4259
  1672    674
  1673   4256
  1674   1045
  1675   4262
  1676    468
  1677   3746
  1678   1049
  1679    461
  1680    465
  1681    533
  1682   4704
  1683    470
  1684   2876
  1685    670
  1686   4637
  1687    464
  1688   4349
  1689   4261
  1690    851
  1691   2639
  1692   1599
  1693   4817
  1694   3275
  1695   4054
  1696    595
  1697    751
  1698   3892
  1699   4122
  1700   1291
  1701   1164
  1702    530
  1703   4254
  1704    460
  1705   3676
  1706   1601
  1707   4124
  1708   2123
  1709   4432
  1710   3515
  1711    849
  1712   4193
  1713   4531
  1714   4253
  1715   2193
  1716    531
  1717   4120
  1718   4634
  1719    752
  1720   2797
  1721   3591
  1722    463
  1723    458
  1724   3112
  1725   2640
  1726   3890
  1727   2489
  1728    391
  1729    527
  1730   2260
  1731    456
  1732   3030
  1733   4190
  1734    668
  1735   4346
  1736   1965
  1737   1161
  1738   4184
  1739   1045
  1740   4763
  1741   4761
  1742   3438
  1743    454
  1744   4185
  1745    953
  1746    389
  1747   4529
  1748    385
  1749   1721
  1750   1886
  1751   4051
  1752    381
  1753   1289
  1754   2490
  1755    453
  1756   4182
  1757   4183
  1758    384
  1759   2051
  1760   4348
  1761    847
  1762   3971
  1763   1500
  1764    748
  1765    335
  1766   3351
  1767   4118
  1768   3675
  1769    330
  1770   4250
  1771    334
  1772    452
  1773   4633
  1774    747
  1775   1043
  1776   2952
  1777   3590
  1778   2635
  1779    281
  1780   1159
  1781   2418
  1782   3800
  1783    525
  1784   2636
  1785    382
  1786    332
  1787    329
  1788   2730
  1789   3193
  1790    952
  1791    279
  1792   1598
  1793   4049
  1794   2420
  1795   4179
  1796   4111
  1797    379
  1798   3271
  1799   4701
  1800   4632
  1801   4526
  1802   4109
  1803   4038
  1804   4249
  1805   4105
  1806    746
  1807   3799
  1808    377
  1809   4525
  1810   4116
  1811   1159
  1812   3110
  1813   4043
  1814    216
  1815    667
  1816   4048
  1817   3511
  1818   4113
  1819   2121
  1820   2875
  1821   4344
  1822    217
  1823    219
  1824   2950
  1825   4046
  1826   2417
  1827   4342
  1828    524
  1829   4044
  1830   1882
  1831   2191
  1832    210
  1833   1881
  1834   2261
  1835   1719
  1836   1040
  1837    212
  1838   1041
  1839   3272
  1840   1498
  1841   4104
  1842   4699
  1843    450
  1844    213
  1845   4033
  1846   2048
  1847   1499
  1848    327
  1849    274
  1850   4522
  1851   2634
  1852   3673
  1853   4524
  1854   3434
  1855   3106
  1856   4041
  1857    325
  1858   3888
  1859   2561
  1860    449
  1861    845
  1862   4035
  1863   2795
  1864   1156
  1865    210
  1866   3589
  1867   4031
  1868   1718
  1869    208
  1870   3883
  1871   3968
  1872   4039
  1873   4340
  1874   3798
  1875   4103
  1876   4339
  1877    150
  1878    376
  1879   4037
  1880   2727
  1881   3887
  1882   4174
  1883   4030
  1884    591
  1885    202
  1886   3884
  1887   1286
  1888    322
  1889   1881
  1890   4175
  1891    323
  1892   4519
  1893    948
  1894    206
  1895    149
  1896   3105
  1897   1155
  1898    148
  1899   4424
  1900   4427
  1901   2487
  1902   2415
  1903   2118
  1904   3740
  1905   3348
  1906   3955
  1907   4425
  1908   3886
  1909    744
  1910   2255
  1911   2947
  1912   3269
  1913   3510
  1914   4101
  1915   1154
  1916   1594
  1917    203
  1918   4173
  1919   3882
  1920    269
  1921   2047
  1922   1592
  1923   4246
  1924   3878
  1925   2725
  1926   3880
  1927    147
  1928   2257
  1929   1038
  1930    201
  1931   3795
  1932   4337
  1933   3960
  1934    271
  1935   3796
  1936   3952
  1937   2561
  1938   1879
  1939    743
  1940   3104
  1941    320
  1942    947
  1943   3956
  1944   4244
  1945   4099
  1946   1803
  1947   2793
  1948   2871
  1949   3949
  1950   3950
  1951   3794
  1952    195
  1953   3951
  1954   3739
  1955    447
  1956    266
  1957   4100
  1958   3874
  1959   3872
  1960   4421
  1961   1152
  1962   3736
  1963    265
  1964   3875
  1965   3871
  1966    144
  1967     96
  1968   1961
  1969   2190
  1970    148
  1971    319
  1972    446
  1973   3433
  1974    197
  1975   1039
  1976    665
  1977   4243
  1978   3432
  1979   2723
  1980   3587
  1981    195
  1982   3667
  1983   3190
  1984   3585
  1985    190
  1986   3670
  1987   3870
  1988   3738
  1989   3792
  1990   4333
  1991    260
  1992   3028
  1993   2115
  1994   2252
  1995    318
  1996   2945
  1997    843
  1998   2485
  1999   1497
  2000   1801
  2001   3733
  2002   3866
  2003   2044
  2004    264
  2005   2484
  2006   3669
  2007    947
  2008   1591
  2009   3865
  2010     95
  2011   4332
  2012   4024
  2013   2253
  2014   3948
  2015   3786
  2016   1800
  2017   3731
  2018   3189
  2019    741
  2020    260
  2021   4022
  2022    258
  2023   3503
  2024   3581
  2025   2721
  2026   1959
  2027    143
  2028   3863
  2029   3663
  2030   3787
  2031   3662
  2032   1146
  2033   3660
  2034   3507
  2035    188
  2036   3504
  2037    520
  2038    191
  2039   3582
  2040    317
  2041   2872
  2042   3268
  2043   4095
  2044   4021
  2045    742
  2046   2720
  2047   3655
  2048    181
  2049    255
  2050   1878
  2051   3430
  2052   1035
  2053   3728
  2054   3729
  2055   3659
  2056   1284
  2057    373
  2058   1799
  2059   3499
  2060    841
  2061   1588
  2062   3345
  2063   3860
  2064   2043
  2065   3101
  2066   2870
  2067    314
  2068   3428
  2069   2114
  2070   3498
  2071    257
  2072   1589
  2073   3500
  2074   3424
  2075     93
  2076    662
  2077   2332
  2078   1150
  2079   1956
  2080   1147
  2081   3264
  2082   3657
  2083    182
  2084    140
  2085   3858
  2086   3341
  2087    369
  2088   3944
  2089   3026
  2090    255
  2091   1146
  2092   3784
  2093   3266
  2094   2557
  2095   2413
  2096   2187
  2097   3650
  2098    254
  2099   3263
  2100   3339
  2101   2631
  2102    519
  2103   3656
  2104   3496
  2105   3857
  2106     94
  2107    183
  2108    518
  2109   3653
  2110   1798
  2111   1032
  2112   1280
  2113    660
  2114   3343
  2115   3726
  2116   3420
  2117   3421
  2118   1490
  2119   3651
  2120    139
  2121    312
  2122   2791
  2123   3182
  2124   3184
  2125   3259
  2126   3100
  2127   3338
  2128    587
  2129    443
  2130   1875
  2131   3422
  2132   3097
  2133   2629
  2134   2867
  2135   3186
  2136   3023
  2137   1032
  2138   3333
  2139   1587
  2140    369
  2141   3575
  2142   2942
  2143   1579
  2144    177
  2145   3024
  2146   3260
  2147   3782
  2148    254
  2149   1281
  2150   1280
  2151    177
  2152    737
  2153   2041
  2154    839
  2155    588
  2156   3022
  2157    311
  2158   2247
  2159   3648
  2160    137
  2161    945
  2162   3573
  2163    367
  2164    176
  2165   3646
  2166   2939
  2167   3572
  2168   1871
  2169   3334
  2170   2330
  2171    517
  2172   3179
  2173   1144
  2174   1490
  2175   2480
  2176     93
  2177   2864
  2178   3177
  2179   3414
  2180   3020
  2181   3412
  2182    943
  2183   1279
  2184    838
  2185   3021
  2186   1488
  2187   3175
  2188    309
  2189   2936
  2190    132
  2191    658
  2192   2412
  2193    134
  2194    585
  2195   3332
  2196   2716
  2197   2863
  2198   3411
  2199   2866
  2200     93
  2201    439
  2202   3416
  2203   3647
  2204   2789
  2205   2039
  2206   2717
  2207   2868
  2208    130
  2209   3089
  2210    940
  2211   1272
  2212   1586
  2213   1272
  2214   3092
  2215   3172
  2216    177
  2217   2113
  2218   1278
  2219   1705
  2220   2556
  2221   3489
  2222   1712
  2223   2625
  2224   3090
  2225    130
  2226   3255
  2227   3490
  2228   1953
  2229   2098
  2230   2710
  2231   3173
  2232   2628
  2233   1274
  2234   1577
  2235    655
  2236   2554
  2237   1580
  2238   1583
  2239   2859
  2240   2329
  2241   2410
  2242    938
  2243   3330
  2244   3411
  2245   1707
  2246    939
  2247    438
  2248   2860
  2249   1578
  2250   1709
  2251   2407
  2252   1271
  2253   2248
  2254    131
  2255   1796
  2256   3569
  2257    365
  2258   2112
  2259   1706
  2260   3015
  2261   2245
  2262   2040
  2263   2712
  2264   1950
  2265   1873
  2266   1795
  2267   2709
  2268   2104
  2269   3169
  2270   3170
  2271   3567
  2272   2478
  2273   2107
  2274   1788
  2275   1710
  2276   2249
  2277    251
  2278    171
  2279   2927
  2280   1138
  2281   1029
  2282    133
  2283    836
  2284    130
  2285   2110
  2286   1484
  2287    654
  2288   2243
  2289   1792
  2290   2621
  2291   2325
  2292   2038
  2293   2786
  2294   3328
  2295   2626
  2296   1794
  2297   1791
  2298   2704
  2299   2928
  2300   2183
  2301   2854
  2302   1948
  2303   2409
  2304   1785
  2305    936
  2306    132
  2307   1941
  2308   2857
  2309   2102
  2310    128
  2311   1868
  2312    363
  2313   2242
  2314   3016
  2315   3323
  2316    735
  2317   2855
  2318   2550
  2319   1139
  2320   2549
  2321   2473
  2322   2707
  2323    512
  2324   3325
  2325   2101
  2326   2703
  2327   2930
  2328   2402
  2329   1939
  2330   3014
  2331   3318
  2332    510
  2333   3168
  2334   3251
  2335   1483
  2336    651
  2337   2180
  2338   1942
  2339   2099
  2340   3408
  2341   2474
  2342   1786
  2343   1481
  2344   1945
  2345   3252
  2346    169
  2347   2322
  2348   2177
  2349   1575
  2350   1944
  2351    834
  2352   2620
  2353   3321
  2354    512
  2355   2036
  2356    653
  2357   3006
  2358    128
  2359    360
  2360    308
  2361   3012
  2362   2784
  2363   2546
  2364   3078
  2365   2240
  2366   2032
  2367   2406
  2368   2925
  2369   2702
  2370   1136
  2371   3081
  2372   2779
  2373   3086
  2374   2616
  2375   2176
  2376   2317
  2377    306
  2378   2096
  2379   3249
  2380   1576
  2381   2545
  2382    935
  2383    128
  2384   1864
  2385   2238
  2386   2924
  2387   2619
  2388   3166
  2389   3079
  2390   2402
  2391   1024
  2392    511
  2393   2031
  2394   3077
  2395    172
  2396   2471
  2397   2316
  2398   3004
  2399   2850
  2400   3007
  2401    436
  2402   3080
  2403   3008
  2404   2849
  2405   1479
  2406   3163
  2407    732
  2408   2614
  2409   1700
  2410   2923
  2411   2700
  2412   2778
  2413   2320
  2414   1477
  2415   1025
  2416   2470
  2417   2544
  2418   2846
  2419   3002
  2420    305
  2421   1938
  2422   1782
  2423   2699
  2424    650
  2425    168
  2426   1573
  2427    581
  2428   2922
  2429   3000
  2430   2175
  2431   1270
  2432    433
  2433   2543
  2434   2030
  2435   1937
  2436   2235
  2437   2845
  2438    730
  2439    431
  2440   2844
  2441    303
  2442   2400
  2443    649
  2444   1697
  2445   2612
  2446   1478
  2447    359
  2448   2775
  2449   2843
  2450   1861
  2451    932
  2452   2173
  2453   2697
  2454   2542
  2455   1696
  2456   2028
  2457   1023
  2458    507
  2459    428
  2460   1267
  2461   2610
  2462   1571
  2463   2315
  2464   2172
  2465   2396
  2466    428
  2467   2394
  2468    727
  2469    579
  2470   1858
  2471   1857
  2472    928
  2473   2092
  2474   2393
  2475    929
  2476    505
  2477   2026
  2478   2233
  2479    578
  2480   1474
  2481    428
  2482   1570
  2483   2313
  2484    726
  2485   2312
  2486   1694
  2487   2025
  2488   1134
  2489   2170
  2490   1780
  2491   1933
  2492   1779
  2493    645
  2494   1264
  2495    646
  2496    924
  2497    832
  2498   1473
  2499   1692
  2500   1021
  2501   1132
  2502    924
